# YOLOv5 Hyperparameter Evolution Results
# Best generation: 31
# Last generation: 48
#    metrics/precision,       metrics/recall,      metrics/mAP_0.5, metrics/mAP_0.5:0.95,         val/box_loss,         val/obj_loss,         val/cls_loss
#              0.70993,              0.64424,              0.66456,              0.23026,             0.050881,              0.01536,           0.00068708

lr0: 0.00853
lrf: 0.0102
momentum: 0.91714
weight_decay: 0.00045999999999999996
warmup_epochs: 2.3755
warmup_momentum: 0.82909
warmup_bias_lr: 0.10819000000000001
box: 0.047389999999999995
cls: 0.41938000000000003
cls_pw: 1.2413
obj: 0.9112399999999999
obj_pw: 0.9330799999999999
iou_t: 0.2
anchor_t: 4.7309
fl_gamma: 0.0
hsv_h: 0.01626
hsv_s: 0.5948899999999999
hsv_v: 0.35278000000000004
degrees: 0.0
translate: 0.09972
scale: 0.41511000000000003
shear: 0.0
perspective: 0.0
flipud: 0.0
fliplr: 0.5
mosaic: 0.7957
mixup: 0.0
copy_paste: 0.0
anchors: 2.2969
